0 0
4 0
244 0
256 0
268 0
280 0
284 0
484 0
488 0
492 0
496 0
500 0
512 0
516 0
528 0
540 0
552 0
564 0
572 0
580 0
584 0
596 0
608 0
620 0
632 0
644 0
656 0
676 0
684 0
696 0
936 0
1656 0
1660 1056964608
1664 3204448256
1668 1060320051
1672 3197737370
1676 3184315597
1680 1063675494
1684 1125515264
1688 3272998912
1692 1036831949
1696 3221225472
1700 998244352
1704 1287568416
1708 1315859240
1712 1101004800
1716 1028443341
1720 1048576000
1724 1092616192
1728 1050253722
1732 1132396544
1736 1041865114
1740 1078530011
1744 1106247680
1748 1097859072
1752 953267991
1756 3184315597
1760 1008981770
1764 3192704205
1768 3212836864
1772 1073741824
1776 3276275712
1780 1128792064
1784 1016003125
1788 1031137221
1792 1035458158
1796 1038323256
1800 1041385765
1804 1045220557
1808 1051372202
1812 1054086093
1816 0
1820 961373366
1824 1007191654
1828 1042983596
1832 984842502
1836 1026205577
1840 1056964608
1844 1065353216
1848 1061752795
1852 1070141403
1856 1078530011
