0 0
4 0
244 0
256 0
268 0
280 0
284 0
484 0
488 0
492 0
496 0
500 0
512 0
516 0
528 0
540 0
552 0
564 0
572 0
580 0
584 0
596 0
608 0
620 0
632 0
644 0
656 0
676 0
684 0
696 0
936 0
1656 0
1660 1124073472
1664 1063675494
1668 1125515264
1672 3272998912
1676 1036831949
1680 3221225472
1684 998244352
1688 1101004800
1692 1028443341
1696 1048576000
1700 1092616192
1704 1050253722
1708 1132396544
1712 1041865114
1716 1078530011
1720 1106247680
1724 1097859072
1728 953267991
1732 1287568416
1736 1315859240
1740 3184315597
1744 1008981770
1748 3192704205
1752 1073741824
1756 3276275712
1760 1128792064
1764 1016003125
1768 3212836864
1772 1054086093
1776 1031137221
1780 1035458158
1784 1038323256
1788 1041385765
1792 1045220557
1796 1051372202
1800 1061752795
1804 1070141403
1808 1078530011
1812 984842502
1816 1026205577
1820 1056964608
1824 1065353216
1828 961373366
1832 1007191654
1836 1042983596
1840 0
